year,ProfitK,ProfitY,IY,RF,PE,growthpop,growthemp,growthGDP,priceinvt,PD,PEop,growthTFP,growthTFPADJ,ERP,KY,ystar,Drate,ik,LS,CS,PS,SP,ERPalt,SPMU,SPRISK,Spread2,gYN,ER,lev_net_mkt,kstar,vstar,cstar,xstar,logystar,logxstar,logcstar,EmpPop,logystar2,logxstar2,logcstar2,TobinQ
1960,14.234645,29.143753,15.339233,2.1016667,17.418333,1.7728758,1.7728758,2.5412197,-1.3218049,28.767187,15.186992,0.64789659,2.9558802,-99.989998,2.0473819,-99.989998,4.3403873,7.4561009,-99.989998,-99.989998,-99.989998,12.132978,-99.989998,-99.989998,-99.989998,-99.989998,0.76834393,-99.989998,,-99.989998,-99.989998,-99.989998,-99.989998,-99.989998,-99.989998,-99.989998,100,-99.989998,-99.989998,-99.989998,-99
1961,14.418177,29.418518,14.870153,1.8558333,20.455833,-0.061203349,-0.061203349,2.5290966,-1.3732699,33.813931,16.569681,1.8919885,1.232375,-99.989998,2.0403771,-99.989998,4.3413825,7.2617908,-99.989998,-99.989998,-99.989998,12.562344,-99.989998,-99.989998,-99.989998,-99.989998,2.5902998,-99.989998,,-99.989998,-99.989998,-99.989998,-99.989998,-99.989998,-99.989998,-99.989998,100,-99.989998,-99.989998,-99.989998,-99
1962,15.298585,30.143707,15.052161,1.7258333,18.823334,1.4457725,1.4457725,5.9478636,-1.1627555,29.106068,15.826557,3.3144598,1.3804281,-99.989998,1.9703592,-99.989998,4.3533068,7.6224895,-99.989998,-99.989998,-99.989998,13.572752,-99.989998,-99.989998,-99.989998,-99.989998,4.5020909,-99.989998,,-99.989998,-99.989998,-99.989998,-99.989998,-99.989998,-99.989998,-99.989998,100,-99.989998,-99.989998,-99.989998,-99
1963,16.091473,31.00164,15.32549,2.0816667,20.259167,1.5734731,1.5734731,4.26195,-1.5616009,30.914055,16.480158,2.8587456,1.9410393,-99.989998,1.9265882,-99.989998,4.40482,7.9221625,-99.989998,-99.989998,-99.989998,14.009806,-99.989998,-99.989998,-99.989998,-99.989998,2.688477,-99.989998,,-99.989998,-99.989998,-99.989998,-99.989998,-99.989998,-99.989998,-99.989998,100,-99.989998,-99.989998,-99.989998,-99
1964,16.331043,31.335564,15.675675,2.3458333,22.5525,2.2500677,2.2500677,5.6031036,-0.90752971,32.665569,17.524097,2.7615168,1.9802628,-99.989998,1.9187728,-99.989998,4.3627229,8.1544085,-99.989998,-99.989998,-99.989998,13.98521,-99.989998,-99.989998,-99.989998,-99.989998,3.3530359,-99.989998,,-99.989998,-99.989998,-99.989998,-99.989998,-99.989998,-99.989998,-99.989998,100,-99.989998,-99.989998,-99.989998,-99
1965,17.10832,32.322121,16.219856,2.7025001,23.262501,2.5204649,2.5204649,6.2960534,-0.2038351,32.722546,17.847294,3.1983047,1.3902905,-99.989998,1.8892632,-99.989998,4.3924699,8.5638905,-99.989998,-99.989998,-99.989998,14.40582,-99.989998,-99.989998,-99.989998,-99.989998,3.7755885,-99.989998,,-99.989998,-99.989998,-99.989998,-99.989998,-99.989998,-99.989998,-99.989998,100,-99.989998,-99.989998,-99.989998,-99
1966,17.03146,31.860176,16.056061,2.7866666,21.301666,2.5116813,2.5116813,6.3874459,-0.8960579,29.508068,16.95471,2.7420595,2.3423514,-99.989998,1.8706663,-99.989998,4.4164038,8.5304947,-99.989998,-99.989998,-99.989998,14.244793,-99.989998,-99.989998,-99.989998,-99.989998,3.8757646,-99.989998,,-99.989998,-99.989998,-99.989998,-99.989998,-99.989998,-99.989998,-99.989998,100,-99.989998,-99.989998,-99.989998,-99
1967,16.236937,30.887939,15.44186,1.41,21.605,2.0344257,2.0344257,2.7049365,0.034620129,32.474876,17.092789,0.41912046,3.4208171,-99.989998,1.9023256,-99.989998,4.4804401,8.0684595,-99.989998,-99.989998,-99.989998,14.826937,-99.989998,-99.989998,-99.989998,-99.989998,0.67051077,-99.989998,,-99.989998,-99.989998,-99.989998,-99.989998,-99.989998,-99.989998,-99.989998,100,-99.989998,-99.989998,-99.989998,-99
1968,15.963129,30.616219,15.722335,1.0575,21.485001,2.0456879,2.0456879,4.7978773,-0.021611731,34.150093,17.038164,2.5277808,2.4302292,-99.989998,1.9179335,-99.989998,4.4673538,8.1421127,-99.989998,-99.989998,-99.989998,14.905629,-99.989998,-99.989998,-99.989998,-99.989998,2.7521894,-99.989998,,-99.989998,-99.989998,-99.989998,-99.989998,-99.989998,-99.989998,-99.989998,100,-99.989998,-99.989998,-99.989998,-99
1969,15.027715,28.978859,16.155661,1.3141667,19.4275,2.5515959,2.5515959,3.0779879,0.15574364,32.335487,16.101578,-0.39076248,-1.1870172,-99.989998,1.9283609,-99.989998,4.5558782,8.3320589,-99.989998,-99.989998,-99.989998,13.713548,-99.989998,-99.989998,-99.989998,-99.989998,0.52639198,-99.989998,,-99.989998,-99.989998,-99.989998,-99.989998,-99.989998,-99.989998,-99.989998,100,-99.989998,-99.989998,-99.989998,-99
1970,13.845029,27.352089,15.65266,0.6558333,15.1825,1.0142092,1.0142092,0.18598263,-0.70029145,27.761936,14.169226,-0.71253252,2.6641932,-99.989998,1.9755892,-99.989998,4.6312017,7.8475761,-99.989998,-99.989998,-99.989998,13.189196,-99.989998,-99.989998,-99.989998,-99.989998,-0.82822651,-99.989998,,-99.989998,-99.989998,-99.989998,-99.989998,-99.989998,-99.989998,-99.989998,100,-99.989998,-99.989998,-99.989998,-99
1971,14.170668,28.61261,16.190231,0.17166667,16.865833,0.86791569,0.86791569,3.239037,0.60617232,33.334805,14.93549,2.5765207,3.0141158,-99.989998,2.0191433,-99.989998,4.5746355,7.9333363,-99.989998,-99.989998,-99.989998,13.999001,-99.989998,-99.989998,-99.989998,-99.989998,2.3711214,-99.989998,,-99.989998,-99.989998,-99.989998,-99.989998,-99.989998,-99.989998,-99.989998,100,-99.989998,-99.989998,-99.989998,-99
1972,14.231391,28.85331,17.121414,1.8933333,17.768333,3.4441109,3.4441109,5.1261029,0.43237847,37.041138,15.346313,3.0432208,1.3902905,-99.989998,2.0274413,-99.989998,4.5309067,8.3792849,-99.989998,-99.989998,-99.989998,12.338058,-99.989998,-99.989998,-99.989998,-99.989998,1.6819921,-99.989998,,-99.989998,-99.989998,-99.989998,-99.989998,-99.989998,-99.989998,-99.989998,100,-99.989998,-99.989998,-99.989998,-99
1973,13.87496,28.680496,17.609093,3.8199999,16.147499,3.4888732,3.4888732,5.4916468,-0.50060213,32.448776,14.6085,2.6739297,1.252128,-99.989998,2.0670688,-99.989998,4.4630737,8.4679613,-99.989998,-99.989998,-99.989998,10.05496,-99.989998,-99.989998,-99.989998,-99.989998,2.0027735,-99.989998,,-99.989998,-99.989998,-99.989998,-99.989998,-99.989998,-99.989998,-99.989998,100,-99.989998,-99.989998,-99.989998,-99
1974,12.385594,27.796249,16.85866,-0.026666667,10.925834,2.0381386,2.0381386,-0.54127091,-1.0730288,22.095922,12.231564,-3.8013442,-1.136433,-99.989998,2.2442403,-99.989998,4.4149027,7.4744797,-99.989998,-99.989998,-99.989998,12.412261,-99.989998,-99.989998,-99.989998,-99.989998,-2.5794096,-99.989998,,-99.989998,-99.989998,-99.989998,-99.989998,-99.989998,-99.989998,-99.989998,100,-99.989998,-99.989998,-99.989998,-99
1975,13.373233,30.046715,15.63891,-2.5333333,10.235833,-1.1264875,-1.1264875,-0.2070559,3.5471382,23.793646,11.917471,0.6677655,3.2176731,-99.989998,2.2467802,-99.989998,4.7231612,6.9262466,-99.989998,-99.989998,-99.989998,15.906567,-99.989998,-99.989998,-99.989998,-99.989998,0.91943157,-99.989998,,-99.989998,-99.989998,-99.989998,-99.989998,-99.989998,-99.989998,-99.989998,100,-99.989998,-99.989998,-99.989998,-99
1976,13.722391,30.532944,16.339275,-0.6925,11.545,3.3480089,3.3480089,5.248837,0.27915093,25.117519,12.513412,3.3144598,0.11992805,-99.989998,2.2250454,-99.989998,4.7140388,7.2953653,-99.989998,-99.989998,-99.989998,14.414891,-99.989998,-99.989998,-99.989998,-99.989998,1.9008281,-99.989998,,-99.989998,-99.989998,-99.989998,-99.989998,-99.989998,-99.989998,-99.989998,100,-99.989998,-99.989998,-99.989998,-99
1977,13.50749,30.725029,17.979633,-0.17,10.433333,3.6124463,3.6124463,4.5205717,0.76310319,21.448099,12.007375,1.9410393,1.607018,-99.989998,2.2746661,-99.989998,4.6690884,7.8451662,-99.989998,-99.989998,-99.989998,13.67749,-99.989998,-99.989998,-99.989998,-99.989998,0.9081254,-99.989998,,-99.989998,-99.989998,-99.989998,-99.989998,-99.989998,-99.989998,-99.989998,100,-99.989998,-99.989998,-99.989998,-99
1978,13.213606,30.411072,19.246471,1.04,9.3783331,4.2852921,4.2852921,5.3871865,1.0860515,19.656214,11.527132,1.3311014,0.48880342,-99.989998,2.3014967,-99.989998,4.6579947,8.2923765,-99.989998,-99.989998,-99.989998,12.173606,-99.989998,-99.989998,-99.989998,-99.989998,1.1018944,-99.989998,,-99.989998,-99.989998,-99.989998,-99.989998,-99.989998,-99.989998,-99.989998,100,-99.989998,-99.989998,-99.989998,-99
1979,12.279102,29.275795,19.856888,0.94833332,8.9266663,2.852416,2.852416,3.1174781,-0.26190063,19.318899,11.32153,-0.84354788,-0.050012503,-99.989998,2.3841968,-99.989998,4.6408048,8.2758617,-99.989998,-99.989998,-99.989998,11.330769,-99.989998,-99.989998,-99.989998,-99.989998,0.26506209,-99.989998,,-99.989998,-99.989998,-99.989998,-99.989998,-99.989998,-99.989998,-99.989998,100,-99.989998,-99.989998,-99.989998,-99
1980,11.476599,28.587265,18.772968,-0.38499999,8.8316669,0.4826,0.4826,-0.25709614,-1.6077547,20.798786,11.278286,-2.0917249,0.47885168,-99.989998,2.4909179,-99.989998,4.706841,7.4733396,-99.989998,-99.989998,-99.989998,11.861599,-99.989998,-99.989998,-99.989998,-99.989998,-0.73969615,-99.989998,,-99.989998,-99.989998,-99.989998,-99.989998,-99.989998,-99.989998,-99.989998,100,-99.989998,-99.989998,-99.989998,-99
1981,12.290889,30.123215,18.752728,4.2950001,8.4641666,1.0978918,1.0978918,2.5056279,-0.097202241,20.970167,11.110997,1.093994,0.38924146,-99.989998,2.4508574,-99.989998,4.8588405,7.5840659,-99.989998,-99.989998,-99.989998,7.9958887,-99.989998,-99.989998,-99.989998,-99.989998,1.4077361,-99.989998,,-99.989998,-99.989998,-99.989998,-99.989998,-99.989998,-99.989998,-99.989998,100,-99.989998,-99.989998,-99.989998,-99
1982,12.145471,30.135208,17.821041,4.8000002,7.3466668,-0.87073237,-0.87073237,-1.8185629,-0.12476826,18.49633,10.602304,-2.9428811,0,-99.989998,2.481189,-99.989998,5.0671358,7.0872407,-99.989998,-99.989998,-99.989998,7.3454704,-99.989998,-99.989998,-99.989998,-99.989998,-0.9478305,-99.989998,,-99.989998,-99.989998,-99.989998,-99.989998,-99.989998,-99.989998,-99.989998,100,-99.989998,-99.989998,-99.989998,-99
1983,13.037289,30.849655,17.702257,5.6391668,9.6408329,1.2902546,1.2902546,4.4809451,-4.067451,24.751451,11.646624,1.9214219,-1.21738,-99.989998,2.3662632,-99.989998,5.1029191,7.3892312,-99.989998,-99.989998,-99.989998,7.3981218,-99.989998,-99.989998,-99.989998,-99.989998,3.1906905,-99.989998,,-99.989998,-99.989998,-99.989998,-99.989998,-99.989998,-99.989998,-99.989998,100,-99.989998,-99.989998,-99.989998,-99
1984,14.009351,31.615761,18.691797,5.9458332,9.4300003,4.0633259,4.0633259,6.987011,-3.0723855,22.931623,11.550651,3.3724868,1.1236632,-99.989998,2.2567613,-99.989998,5.0867548,8.2079477,-99.989998,-99.989998,-99.989998,8.0635176,-99.989998,-99.989998,-99.989998,-99.989998,2.9236851,-99.989998,0.5291028,-99.989998,-99.989998,-99.989998,-99.989998,-99.989998,-99.989998,-99.989998,100,-99.989998,-99.989998,-99.989998,-99
1985,13.947531,30.917938,18.617193,4.0508332,10.690833,2.0280511,2.0280511,4.0855532,-2.3485975,25.548584,12.12459,0.95542127,1.813457,-99.989998,2.216732,-99.989998,5.1609416,8.3423443,-99.989998,-99.989998,-99.989998,9.896698,-99.989998,-99.989998,-99.989998,-99.989998,2.057502,-99.989998,0.5291028,-99.989998,-99.989998,-99.989998,-99.989998,-99.989998,-99.989998,-99.989998,100,-99.989998,-99.989998,-99.989998,-99
1986,13.129897,29.330109,18.398987,2.4041667,13.389167,2.2575645,2.2575645,3.403821,0.1157134,29.623932,13.352889,1.1533235,1.607018,-99.989998,2.2338414,-99.989998,5.1954527,8.1191778,-99.989998,-99.989998,-99.989998,10.725731,-99.989998,-99.989998,-99.989998,-99.989998,1.1462564,-99.989998,0.5291028,-99.989998,-99.989998,-99.989998,-99.989998,-99.989998,-99.989998,-99.989998,100,-99.989998,-99.989998,-99.989998,-99
1987,13.267795,29.630096,17.81595,2.6391666,16.015833,2.557112,2.557112,3.4010949,-1.0586559,30.9391,14.548564,0.68763041,-0.030004501,-99.989998,2.2332344,-99.989998,5.2200537,7.9121628,-99.989998,-99.989998,-99.989998,10.628628,-99.989998,-99.989998,-99.989998,-99.989998,0.84398293,-99.989998,0.5291028,-99.989998,-99.989998,-99.989998,-99.989998,-99.989998,-99.989998,-99.989998,100,-99.989998,-99.989998,-99.989998,-99
1988,13.683173,30.142754,17.540676,3.2358334,14.44,2.2292924,2.2292924,4.0920687,-1.4416203,24.686829,11.476666,1.3804281,2.3423514,-99.989998,2.2029066,-99.989998,5.2707777,7.8940296,-99.989998,-99.989998,-99.989998,10.44734,-99.989998,-99.989998,-99.989998,-99.989998,1.8627763,-99.989998,0.5291028,-99.989998,-99.989998,-99.989998,-99.989998,-99.989998,-99.989998,-99.989998,100,-99.989998,-99.989998,-99.989998,-99
1989,13.685737,29.600113,17.229155,4.0183334,16.613333,2.0258167,2.0258167,3.6064289,-2.131355,28.15316,13.1,-0.58168852,-0.15011261,-99.989998,2.1628439,-99.989998,5.3254004,7.8831987,-99.989998,-99.989998,-99.989998,9.6674032,-99.989998,-99.989998,-99.989998,-99.989998,1.5806122,-99.989998,0.5291028,-99.989998,-99.989998,-99.989998,-99.989998,-99.989998,-99.989998,-99.989998,100,-99.989998,-99.989998,-99.989998,-99
1990,13.567255,29.058876,16.415958,2.8658333,16.4575,1.2440022,1.2440022,1.8688306,-2.6482246,27.424585,14.355833,0.12991558,0.30952048,-99.989998,2.141839,-99.989998,5.3930473,7.6103978,-99.989998,-99.989998,-99.989998,10.701422,-99.989998,-99.989998,-99.989998,-99.989998,0.62482834,-99.989998,0.5291028,-99.989998,-99.989998,-99.989998,-99.989998,-99.989998,-99.989998,-99.989998,100,-99.989998,-99.989998,-99.989998,-99
1991,13.702817,29.052483,15.340771,0.95833331,17.920834,-0.91590118,-0.91590118,-0.10790081,-1.8150176,32.327278,18.834167,-0.57163072,0.70749134,-99.989998,2.1201832,-99.989998,5.5314293,7.1605277,-99.989998,-99.989998,-99.989998,12.744484,-99.989998,-99.989998,-99.989998,-99.989998,0.80800039,-99.989998,0.5291028,-99.989998,-99.989998,-99.989998,-99.989998,-99.989998,-99.989998,-99.989998,100,-99.989998,-99.989998,-99.989998,-99
1992,13.4515,28.071907,15.286106,0.23916666,19.634167,0.65650678,0.65650678,3.4614255,-2.8341315,35.999943,20.834999,3.2079895,2.166364,-99.989998,2.0868979,-99.989998,5.4676938,7.2255864,-99.989998,-99.989998,-99.989998,13.212334,-99.989998,-99.989998,-99.989998,-99.989998,2.8049188,-99.989998,0.5291028,-99.989998,-99.989998,-99.989998,-99.989998,-99.989998,-99.989998,-99.989998,100,-99.989998,-99.989998,-99.989998,-99
1993,13.751038,28.710449,15.834135,0.12583333,20.749166,1.4833993,1.4833993,2.7155323,-1.4635551,38.992973,18.584167,-0.85363311,-2.5728149,-99.989998,2.0878751,-99.989998,5.4455686,7.5370636,-99.989998,-99.989998,-99.989998,13.625204,-99.989998,-99.989998,-99.989998,-99.989998,1.232133,-99.989998,0.5291028,-99.989998,-99.989998,-99.989998,-99.989998,-99.989998,-99.989998,-99.989998,100,-99.989998,-99.989998,-99.989998,-99
1994,14.42071,30.077248,16.367054,2.46,20.48,2.31178,2.31178,3.9495084,-0.55466408,38.287018,15.5625,0.39920214,-0.80321717,-99.989998,2.0856981,-99.989998,5.422761,7.7913532,-99.989998,-99.989998,-99.989998,11.96071,-99.989998,-99.989998,-99.989998,-99.989998,1.6377285,-99.989998,0.5448429,-99.989998,-99.989998,-99.989998,-99.989998,-99.989998,-99.989998,-99.989998,100,-99.989998,-99.989998,-99.989998,-99
1995,14.788145,30.865074,16.837049,2.9566667,22.720833,1.4816689,1.4816689,2.6490037,-0.63257796,41.878986,15.316667,0.42907813,1.6365354,-99.989998,2.0871499,-99.989998,5.5345807,8.0356474,-99.989998,-99.989998,-99.989998,11.831478,-99.989998,-99.989998,-99.989998,-99.989998,1.1673348,-99.989998,0.46237397,-99.989998,-99.989998,-99.989998,-99.989998,-99.989998,-99.989998,-99.989998,100,-99.989998,-99.989998,-99.989998,-99
1996,15.105232,31.3563,17.357645,2.7958333,25.942499,1.4401776,1.4401776,3.7037337,-2.4950027,49.283382,17.101667,1.7250353,1.6857117,-99.989998,2.0758569,-99.989998,5.55476,8.3521299,-99.989998,-99.989998,-99.989998,12.309399,-99.989998,-99.989998,-99.989998,-99.989998,2.263556,-99.989998,0.4142749,-99.989998,-99.989998,-99.989998,-99.989998,-99.989998,-99.989998,-99.989998,100,-99.989998,-99.989998,-99.989998,-99
1997,15.284401,31.526573,17.775368,3.2383332,30.956667,2.2258041,2.2258041,4.3503819,-2.1324296,59.188644,20.325001,1.6758784,0.73727542,-99.989998,2.0626633,-99.989998,5.5955281,8.5820704,-99.989998,-99.989998,-99.989998,12.046068,-99.989998,-99.989998,-99.989998,-99.989998,2.1245778,-99.989998,0.35627505,-99.989998,-99.989998,-99.989998,-99.989998,-99.989998,-99.989998,-99.989998,100,-99.989998,-99.989998,-99.989998,-99
1998,14.618241,30.261703,18.460079,2.7766666,36.006668,1.4584408,1.4584408,4.384366,-1.8826964,68.547188,24.5275,2.0880477,2.3716526,-99.989998,2.070133,-99.989998,5.6227746,8.866704,-99.989998,-99.989998,-99.989998,11.841575,-99.989998,-99.989998,-99.989998,-99.989998,2.9259253,-99.989998,0.33492512,-99.989998,-99.989998,-99.989998,-99.989998,-99.989998,-99.989998,-99.989998,100,-99.989998,-99.989998,-99.989998,-99
1999,14.230997,29.568474,18.962276,2.9941666,42.068333,1.5284653,1.5284653,4.6436567,-1.9661399,76.340782,27.605833,1.8723614,2.2446189,-99.989998,2.0777514,-99.989998,5.676105,9.0588799,-99.989998,-99.989998,-99.989998,11.236831,-99.989998,-99.989998,-99.989998,-99.989998,3.1151915,-99.989998,0.3139697,-99.989998,-99.989998,-99.989998,-99.989998,-99.989998,-99.989998,-99.989998,100,-99.989998,-99.989998,-99.989998,-99
2000,13.559713,28.300644,19.35078,3.675,41.700832,2.5147257,2.5147257,4.0446048,-1.7154905,89.555916,25.540001,1.6365354,2.1174235,-99.989998,2.0871122,-99.989998,5.7786584,9.1715469,-99.989998,-99.989998,-99.989998,9.8847132,-99.989998,-99.989998,-99.989998,-99.989998,1.5298791,-99.989998,0.36755082,-99.989998,-99.989998,-99.989998,-99.989998,-99.989998,-99.989998,-99.989998,100,-99.989998,-99.989998,-99.989998,-99
2001,13.02345,27.912827,18.646166,0.82249999,32.064167,0.028240336,0.028240336,0.99344963,-1.6304849,74.260696,26.4375,-0.090040527,2.3716526,-99.989998,2.1432743,-99.989998,5.8109236,8.589179,-99.989998,-99.989998,-99.989998,12.20095,-99.989998,-99.989998,-99.989998,-99.989998,0.96520931,-99.989998,0.44943732,-99.989998,-99.989998,-99.989998,-99.989998,-99.989998,-99.989998,-99.989998,100,-99.989998,-99.989998,-99.989998,-99
2002,13.530645,29.476326,17.468271,-0.315,25.918333,-0.3353205,-0.3353205,1.7268101,-1.6057754,61.429253,23.407499,1.8429135,2.4107075,-99.989998,2.1784863,-99.989998,5.7419162,7.9274535,-99.989998,-99.989998,-99.989998,13.845645,-99.989998,-99.989998,-99.989998,-99.989998,2.0621307,-99.989998,0.61817187,-99.989998,-99.989998,-99.989998,-99.989998,-99.989998,-99.989998,-99.989998,100,-99.989998,-99.989998,-99.989998,-99
2003,13.858962,30.495232,17.568205,-0.20583333,24.1075,0.91050011,0.91050011,2.8205669,-1.9196322,55.512505,19.040001,2.1761491,1.6168581,-99.989998,2.200398,-99.989998,5.6412268,7.8793936,-99.989998,-99.989998,-99.989998,14.064795,-99.989998,-99.989998,-99.989998,-99.989998,1.9100668,-99.989998,0.51095402,-99.989998,-99.989998,-99.989998,-99.989998,-99.989998,-99.989998,-99.989998,100,-99.989998,-99.989998,-99.989998,-99
2004,14.075407,31.970192,18.153385,0.12,26.413334,1.0907466,1.0907466,3.7288442,-0.25813201,51.550774,18.010834,2.5472796,1.7053754,-99.989998,2.2713511,-99.989998,5.4405656,7.9133863,-99.989998,-99.989998,-99.989998,13.955407,-99.989998,-99.989998,-99.989998,-99.989998,2.6380975,-99.989998,0.34122714,-99.989998,-99.989998,-99.989998,-99.989998,-99.989998,-99.989998,-99.989998,100,-99.989998,-99.989998,-99.989998,-99
2005,14.255239,33.470497,19.001886,1.4516667,26.014166,1.7586037,1.7586037,3.4527235,0.6680398,54.691151,16.512501,1.4297304,1.3607004,-99.989998,2.3479435,-99.989998,5.3425112,8.010663,-99.989998,-99.989998,-99.989998,12.803573,-99.989998,-99.989998,-99.989998,-99.989998,1.6941198,-99.989998,0.38053659,-99.989998,-99.989998,-99.989998,-99.989998,-99.989998,-99.989998,-99.989998,100,-99.989998,-99.989998,-99.989998,-99
2006,14.568479,34.715218,19.052307,2.4408333,25.978333,1.8925683,1.8925683,2.8153181,0.16397019,52.733986,15.769167,1.1137744,-0.3405793,-99.989998,2.3828993,-99.989998,5.3616776,7.8988299,-99.989998,-99.989998,-99.989998,12.127645,-99.989998,-99.989998,-99.989998,-99.989998,0.92274976,-99.989998,0.43834168,-99.989998,-99.989998,-99.989998,-99.989998,-99.989998,-99.989998,-99.989998,100,-99.989998,-99.989998,-99.989998,-99
2007,14.440416,34.03933,18.261267,2.1966667,26.834167,1.1241183,1.1241183,1.8583225,-1.6471374,52.53521,16.790833,-0.79313701,-0.84354788,-99.989998,2.3572264,-99.989998,5.474309,7.6259894,-99.989998,-99.989998,-99.989998,12.24375,-99.989998,-99.989998,-99.989998,-99.989998,0.73420417,-99.989998,0.56917924,-99.989998,-99.989998,-99.989998,-99.989998,-99.989998,-99.989998,-99.989998,100,-99.989998,-99.989998,-99.989998,-99
2008,14.322273,33.909294,17.038904,-0.48583335,20.775833,-0.4645597,-0.4645597,-0.13640426,-2.7521899,42.14933,18.672501,-1.8367658,-0.43092716,-99.989998,2.3675916,-99.989998,5.560101,7.0339527,-99.989998,-99.989998,-99.989998,14.808106,-99.989998,-99.989998,-99.989998,-99.989998,0.32815546,-99.989998,0.54859674,-99.989998,-99.989998,-99.989998,-99.989998,-99.989998,-99.989998,-99.989998,100,-99.989998,-99.989998,-99.989998,-99
2009,14.470984,33.911652,14.398328,-1.2208333,16.922501,-3.8420177,-3.8420177,-2.5697944,-1.3298912,39.901646,21.458334,-0.48115569,3.1692448,-99.989998,2.3434241,-99.989998,5.6869631,5.9317956,-99.989998,-99.989998,-99.989998,15.691816,-99.989998,-99.989998,-99.989998,-99.989998,1.2722232,-99.989998,0.37055871,-99.989998,-99.989998,-99.989998,-99.989998,-99.989998,-99.989998,-99.989998,100,-99.989998,-99.989998,-99.989998,-99
2010,15.814762,36.229088,14.084751,-0.63999999,20.719166,-0.58554626,-0.58554626,2.5319781,-3.6371942,46.440563,15.0575,2.8393075,-0.3205131,-99.989998,2.2908399,-99.989998,5.6006055,5.9150662,-99.989998,-99.989998,-99.989998,16.454762,-99.989998,-99.989998,-99.989998,-99.989998,3.1175244,-99.989998,0.32248753,-99.989998,-99.989998,-99.989998,-99.989998,-99.989998,-99.989998,-99.989998,100,-99.989998,-99.989998,-99.989998,-99
2011,16.041067,36.306297,14.709894,-1.485,21.754999,0.57929128,0.57929128,1.5388589,-1.7785008,47.614883,13.923333,0.54849303,-0.5917474,-99.989998,2.2633343,-99.989998,5.6032019,6.2314339,-99.989998,-99.989998,-99.989998,17.526068,-99.989998,-99.989998,-99.989998,-99.989998,0.95956761,-99.989998,0.27175573,-99.989998,-99.989998,-99.989998,-99.989998,-99.989998,-99.989998,-99.989998,100,-99.989998,-99.989998,-99.989998,-99
2012,16.390869,36.7183,15.746743,-1.9416667,21.353333,1.8341774,1.8341774,2.2243462,-0.88402194,39.524693,14.185833,1.222497,0.99503309,-99.989998,2.2401679,-99.989998,5.6168008,6.7159081,-99.989998,-99.989998,-99.989998,18.332537,-99.989998,-99.989998,-99.989998,-99.989998,0.39016879,-99.989998,0.23147148,-99.989998,-99.989998,-99.989998,-99.989998,-99.989998,-99.989998,-99.989998,100,-99.989998,-99.989998,-99.989998,-99
2013,16.172153,36.831299,16.213978,-1.6266667,23.244167,1.0237557,1.0237557,1.8255514,-0.64635712,46.115002,16.219999,0.11992805,0.0099995,-99.989998,2.2774518,-99.989998,5.5521259,6.7821527,-99.989998,-99.989998,-99.989998,17.79882,-99.989998,-99.989998,-99.989998,-99.989998,0.80179572,-99.989998,0.15935294,-99.989998,-99.989998,-99.989998,-99.989998,-99.989998,-99.989998,-99.989998,100,-99.989998,-99.989998,-99.989998,-99
2014,15.993831,36.679737,16.861378,-1.6291667,25.468334,1.6373184,1.6373184,2.4220233,0.15076719,47.874924,17.35,0.99503309,0.99503309,-99.989998,2.2933679,-99.989998,5.5525002,7.0055771,-99.989998,-99.989998,-99.989998,17.622997,-99.989998,-99.989998,-99.989998,-99.989998,0.78470492,-99.989998,0.15303802,-99.989998,-99.989998,-99.989998,-99.989998,-99.989998,-99.989998,-99.989998,100,-99.989998,-99.989998,-99.989998,-99
2015,15.921944,35.943726,16.922714,-1.5033333,26.215,1.7130015,1.7130015,2.8403759,0.41145027,45.696323,19.368334,1.0346292,1.4395881,-99.989998,2.2574961,-99.989998,5.639679,7.1787019,-99.989998,-99.989998,-99.989998,17.425278,-99.989998,-99.989998,-99.989998,-99.989998,1.1273744,-99.989998,0.17319575,-99.989998,-99.989998,-99.989998,-99.989998,-99.989998,-99.989998,-99.989998,100,-99.989998,-99.989998,-99.989998,-99
2016,15.362485,35.256638,16.789793,-1.5775,26.054167,1.7287332,1.7287332,1.5551348,-1.331576,43.802456,20.827499,-0.58168852,-0.090040527,-99.989998,2.2949827,-99.989998,5.568017,6.9979291,-99.989998,-99.989998,-99.989998,16.939985,-99.989998,-99.989998,-99.989998,-99.989998,-0.17359841,-99.989998,0.17435524,-99.989998,-99.989998,-99.989998,-99.989998,-99.989998,-99.989998,-99.989998,100,-99.989998,-99.989998,-99.989998,-99
